     1      0.46194384       0.00000000   0.038056155533
     2      0.42904649       0.00000000   0.032897349828
     3      0.40037463       0.00000000   0.028671861559
     4      0.37519528       0.00000000   0.025179351412
     5      0.35292817       0.00000000   0.022267107357
     6      0.33311000       0.00000000   0.019818173415
     7      0.31536762       0.00000000   0.017742385470
     8      0.29939791       0.00000000   0.015969702140
     9      0.28495264       0.00000000   0.014445270956
    10      0.27182686       0.00000000   0.013125778799
    11      0.25985012       0.00000000   0.011976743676
    12      0.24887963       0.00000000   0.010970494554
    13      0.23879497       0.00000000   0.010084654742
    14      0.22949398       0.00000000   0.009300995256
    15      0.22088941       0.00000000   0.008604561448
    16      0.21290641       0.00000000   0.007983002771
    17      0.20548036       0.00000000   0.007426054597
    18      0.19855522       0.00000000   0.006925134619
    19      0.19208220       0.00000000   0.006473026272
    20      0.18601857       0.00000000   0.006063628682
    21      0.18032681       0.00000000   0.005691757846
    22      0.17497382       0.00000000   0.005352987531
    23      0.16993030       0.00000000   0.005043521182
    24      0.16517021       0.00000000   0.004760088176
    25      0.16067035       0.00000000   0.004499859335
    26      0.15640998       0.00000000   0.004260377745
    27      0.15237047       0.00000000   0.004039501813
    28      0.14853512       0.00000000   0.003835358176
    29      0.14488881       0.00000000   0.003646302565
    30      0.14141793       0.00000000   0.003470887139
    31      0.13811009       0.00000000   0.003307833099
    32      0.13495408       0.00000000   0.003156007638
    33      0.13193968       0.00000000   0.003014404457
    34      0.12905755       0.00000000   0.002882127234
    35      0.12629918       0.00000000   0.002758375562
    36      0.12365674       0.00000000   0.002642432918
    37      0.12112309       0.00000000   0.002533656364
    38      0.11869162       0.00000000   0.002431467677
    39      0.11635627       0.00000000   0.002335345713
    40      0.11411145       0.00000000   0.002244819782
    41      0.11195199       0.00000000   0.002159463919
    42      0.10987310       0.00000000   0.002078891879
    43      0.10787035       0.00000000   0.002002752788
    44      0.10593962       0.00000000   0.001930727332
    45      0.10407709       0.00000000   0.001862524413
    46      0.10227922       0.00000000   0.001797878212
    47      0.10054267       0.00000000   0.001736545610
    48      0.09886437       0.00000000   0.001678303896
    49      0.09724142       0.00000000   0.001622948752
    50      0.09567113       0.00000000   0.001570292459
    51      0.09415096       0.00000000   0.001520162308
    52      0.09267856       0.00000000   0.001472399184
    53      0.09125171       0.00000000   0.001426856301
    54      0.08986831       0.00000000   0.001383398076
    55      0.08852641       0.00000000   0.001341899117
    56      0.08722417       0.00000000   0.001302243320
    57      0.08595984       0.00000000   0.001264323055
    58      0.08473181       0.00000000   0.001228038434
    59      0.08353851       0.00000000   0.001193296655
    60      0.08237850       0.00000000   0.001160011404
    61      0.08125040       0.00000000   0.001128102323
    62      0.08015290       0.00000000   0.001097494518
    63      0.07908478       0.00000000   0.001068118124
    64      0.07804487       0.00000000   0.001039907904
    65      0.07703207       0.00000000   0.001012802885
    66      0.07604533       0.00000000   0.000986746027
    67      0.07508364       0.00000000   0.000961683926
    68      0.07414608       0.00000000   0.000937566538
    69      0.07323173       0.00000000   0.000914346925
    70      0.07233975       0.00000000   0.000891981031
    71      0.07146932       0.00000000   0.000870427472
    72      0.07061967       0.00000000   0.000849647340
    73      0.06979007       0.00000000   0.000829604031
    74      0.06897981       0.00000000   0.000810263083
    75      0.06818821       0.00000000   0.000791592025
    76      0.06741465       0.00000000   0.000773560243
    77      0.06665851       0.00000000   0.000756138850
    78      0.06591921       0.00000000   0.000739300578
    79      0.06519619       0.00000000   0.000723019661
    80      0.06448892       0.00000000   0.000707271745
    81      0.06379689       0.00000000   0.000692033790
    82      0.06311960       0.00000000   0.000677283989
    83      0.06245660       0.00000000   0.000663001690
    84      0.06180744       0.00000000   0.000649167320
    85      0.06117167       0.00000000   0.000635762323
    86      0.06054890       0.00000000   0.000622769093
    87      0.05993873       0.00000000   0.000610170917
    88      0.05934078       0.00000000   0.000597951925
    89      0.05875468       0.00000000   0.000586097032
    90      0.05818009       0.00000000   0.000574591901
    91      0.05761667       0.00000000   0.000563422891
    92      0.05706409       0.00000000   0.000552577020
    93      0.05652205       0.00000000   0.000542041930
    94      0.05599024       0.00000000   0.000531805844
    95      0.05546839       0.00000000   0.000521857543
    96      0.05495620       0.00000000   0.000512186326
    97      0.05445342       0.00000000   0.000502781987
    98      0.05395978       0.00000000   0.000493634785
    99      0.05347505       0.00000000   0.000484735420
   100      0.05299897       0.00000000   0.000476075008
   101      0.05253133       0.00000000   0.000467645063
   102      0.05207189       0.00000000   0.000459437468
   103      0.05162045       0.00000000   0.000451444464
   104      0.05117679       0.00000000   0.000443658626
   105      0.05074072       0.00000000   0.000436072849
   106      0.05031204       0.00000000   0.000428680330
   107      0.04989056       0.00000000   0.000421474550
   108      0.04947611       0.00000000   0.000414449267
   109      0.04906851       0.00000000   0.000407598496
   110      0.04866760       0.00000000   0.000400916497
   111      0.04827320       0.00000000   0.000394397766
   112      0.04788516       0.00000000   0.000388037021
   113      0.04750333       0.00000000   0.000381829193
   114      0.04712756       0.00000000   0.000375769412
   115      0.04675771       0.00000000   0.000369853004
   116      0.04639363       0.00000000   0.000364075476
   117      0.04603520       0.00000000   0.000358432511
   118      0.04568228       0.00000000   0.000352919956
   119      0.04533475       0.00000000   0.000347533821
   120      0.04499248       0.00000000   0.000342270265
   121      0.04465535       0.00000000   0.000337125592
   122      0.04432326       0.00000000   0.000332096245
   123      0.04399608       0.00000000   0.000327178799
   124      0.04367371       0.00000000   0.000322369955
   125      0.04335604       0.00000000   0.000317666535
   126      0.04304298       0.00000000   0.000313065476
   127      0.04273441       0.00000000   0.000308563827
   128      0.04243025       0.00000000   0.000304158741
   129      0.04213041       0.00000000   0.000299847473
   130      0.04183478       0.00000000   0.000295627375
   131      0.04154328       0.00000000   0.000291495891
   132      0.04125583       0.00000000   0.000287450556
   133      0.04097234       0.00000000   0.000283488987
   134      0.04069273       0.00000000   0.000279608887
   135      0.04041693       0.00000000   0.000275808033
   136      0.04014484       0.00000000   0.000272084280
   137      0.03987641       0.00000000   0.000268435555
   138      0.03961155       0.00000000   0.000264859853
   139      0.03935019       0.00000000   0.000261355237
   140      0.03909227       0.00000000   0.000257919833
   141      0.03883772       0.00000000   0.000254551828
   142      0.03858647       0.00000000   0.000251249469
   143      0.03833846       0.00000000   0.000248011060
   144      0.03809362       0.00000000   0.000244834957
   145      0.03785190       0.00000000   0.000241719572
   146      0.03761324       0.00000000   0.000238663364
   147      0.03737758       0.00000000   0.000235664844
   148      0.03714485       0.00000000   0.000232722566
   149      0.03691502       0.00000000   0.000229835132
   150      0.03668802       0.00000000   0.000227001185
   151      0.03646380       0.00000000   0.000224219411
   152      0.03624231       0.00000000   0.000221488536
   153      0.03602350       0.00000000   0.000218807325
   154      0.03580733       0.00000000   0.000216174579
   155      0.03559374       0.00000000   0.000213589137
   156      0.03538269       0.00000000   0.000211049870
   157      0.03517413       0.00000000   0.000208555684
   158      0.03496803       0.00000000   0.000206105518
   159      0.03476433       0.00000000   0.000203698341
   160      0.03456300       0.00000000   0.000201333152
   161      0.03436399       0.00000000   0.000199008978
   162      0.03416726       0.00000000   0.000196724877
   163      0.03397278       0.00000000   0.000194479931
   164      0.03378051       0.00000000   0.000192273250
   165      0.03359040       0.00000000   0.000190103968
   166      0.03340243       0.00000000   0.000187971244
   167      0.03321656       0.00000000   0.000185874261
   168      0.03303275       0.00000000   0.000183812222
   169      0.03285096       0.00000000   0.000181784356
   170      0.03267117       0.00000000   0.000179789911
   171      0.03249334       0.00000000   0.000177828156
   172      0.03231745       0.00000000   0.000175898379
   173      0.03214345       0.00000000   0.000173999889
   174      0.03197131       0.00000000   0.000172132012
   175      0.03180102       0.00000000   0.000170294094
   176      0.03163253       0.00000000   0.000168485495
   177      0.03146583       0.00000000   0.000166705596
   178      0.03130087       0.00000000   0.000164953791
   179      0.03113765       0.00000000   0.000163229492
   180      0.03097611       0.00000000   0.000161532126
   181      0.03081625       0.00000000   0.000159861134
   182      0.03065804       0.00000000   0.000158215972
   183      0.03050144       0.00000000   0.000156596110
   184      0.03034644       0.00000000   0.000155001031
   185      0.03019301       0.00000000   0.000153430231
   186      0.03004113       0.00000000   0.000151883221
   187      0.02989077       0.00000000   0.000150359522
   188      0.02974191       0.00000000   0.000148858667
   189      0.02959453       0.00000000   0.000147380201
   190      0.02944860       0.00000000   0.000145923682
   191      0.02930411       0.00000000   0.000144488676
   192      0.02916104       0.00000000   0.000143074761
   193      0.02901936       0.00000000   0.000141681526
   194      0.02887905       0.00000000   0.000140308569
   195      0.02874009       0.00000000   0.000138955498
   196      0.02860247       0.00000000   0.000137621930
   197      0.02846616       0.00000000   0.000136307493
   198      0.02833115       0.00000000   0.000135011821
   199      0.02819742       0.00000000   0.000133734559
   200      0.02806494       0.00000000   0.000132475360
   201      0.02793371       0.00000000   0.000131233884
   202      0.02780370       0.00000000   0.000130009800
   203      0.02767490       0.00000000   0.000128802784
   204      0.02754728       0.00000000   0.000127612520
   205      0.02742085       0.00000000   0.000126438699
   206      0.02729556       0.00000000   0.000125281019
   207      0.02717143       0.00000000   0.000124139187
   208      0.02704841       0.00000000   0.000123012913
   209      0.02692651       0.00000000   0.000121901915
   210      0.02680570       0.00000000   0.000120805920
   211      0.02668598       0.00000000   0.000119724656
   212      0.02656732       0.00000000   0.000118657863
   213      0.02644972       0.00000000   0.000117605281
   214      0.02633315       0.00000000   0.000116566660
   215      0.02621761       0.00000000   0.000115541754
   216      0.02610308       0.00000000   0.000114530321
   217      0.02598955       0.00000000   0.000113532127
   218      0.02587700       0.00000000   0.000112546942
   219      0.02576542       0.00000000   0.000111574540
   220      0.02565481       0.00000000   0.000110614701
   221      0.02554514       0.00000000   0.000109667209
   222      0.02543641       0.00000000   0.000108731853
   223      0.02532860       0.00000000   0.000107808426
   224      0.02522171       0.00000000   0.000106896727
   225      0.02511571       0.00000000   0.000105996558
   226      0.02501060       0.00000000   0.000105107724
   227      0.02490637       0.00000000   0.000104230036
   228      0.02480301       0.00000000   0.000103363309
   229      0.02470050       0.00000000   0.000102507360
   230      0.02459884       0.00000000   0.000101662012
   231      0.02449801       0.00000000   0.000100827089
   232      0.02439801       0.00000000   0.000100002421
   233      0.02429882       0.00000000   0.000099187841
   234      0.02420044       0.00000000   0.000098383185
   235      0.02410285       0.00000000   0.000097588291
   236      0.02400605       0.00000000   0.000096803003
   237      0.02391002       0.00000000   0.000096027166
   238      0.02381476       0.00000000   0.000095260630
   239      0.02372026       0.00000000   0.000094503245
   240      0.02362650       0.00000000   0.000093754867
   241      0.02353349       0.00000000   0.000093015353
   242      0.02344120       0.00000000   0.000092284564
   243      0.02334964       0.00000000   0.000091562363
   244      0.02325879       0.00000000   0.000090848616
   245      0.02316865       0.00000000   0.000090143191
   246      0.02307920       0.00000000   0.000089445960
   247      0.02299044       0.00000000   0.000088756795
   248      0.02290237       0.00000000   0.000088075574
   249      0.02281497       0.00000000   0.000087402173
   250      0.02272823       0.00000000   0.000086736474
   251      0.02264215       0.00000000   0.000086078359
   252      0.02255672       0.00000000   0.000085427715
   253      0.02247194       0.00000000   0.000084784427
   254      0.02238779       0.00000000   0.000084148386
   255      0.02230427       0.00000000   0.000083519483
   256      0.02222137       0.00000000   0.000082897612
   257      0.02213909       0.00000000   0.000082282667
   258      0.02205742       0.00000000   0.000081674547
   259      0.02197634       0.00000000   0.000081073150
   260      0.02189586       0.00000000   0.000080478379
   261      0.02181597       0.00000000   0.000079890135
   262      0.02173667       0.00000000   0.000079308324
   263      0.02165793       0.00000000   0.000078732852
   264      0.02157977       0.00000000   0.000078163627
   265      0.02150217       0.00000000   0.000077600560
   266      0.02142513       0.00000000   0.000077043561
   267      0.02134863       0.00000000   0.000076492544
   268      0.02127269       0.00000000   0.000075947423
   269      0.02119728       0.00000000   0.000075408114
   270      0.02112240       0.00000000   0.000074874535
   271      0.02104806       0.00000000   0.000074346605
   272      0.02097423       0.00000000   0.000073824245
   273      0.02090093       0.00000000   0.000073307376
   274      0.02082813       0.00000000   0.000072795921
   275      0.02075584       0.00000000   0.000072289806
   276      0.02068405       0.00000000   0.000071788956
   277      0.02061276       0.00000000   0.000071293298
   278      0.02054195       0.00000000   0.000070802761
   279      0.02047164       0.00000000   0.000070317274
   280      0.02040180       0.00000000   0.000069836768
   281      0.02033244       0.00000000   0.000069361176
   282      0.02026355       0.00000000   0.000068890430
   283      0.02019512       0.00000000   0.000068424464
   284      0.02012716       0.00000000   0.000067963215
   285      0.02005965       0.00000000   0.000067506619
   286      0.01999260       0.00000000   0.000067054613
   287      0.01992599       0.00000000   0.000066607136
   288      0.01985983       0.00000000   0.000066164127
   289      0.01979410       0.00000000   0.000065725528
   290      0.01972881       0.00000000   0.000065291279
   291      0.01966395       0.00000000   0.000064861324
   292      0.01959951       0.00000000   0.000064435607
   293      0.01953550       0.00000000   0.000064014070
   294      0.01947190       0.00000000   0.000063596661
   295      0.01940872       0.00000000   0.000063183325
   296      0.01934595       0.00000000   0.000062774009
   297      0.01928358       0.00000000   0.000062368661
   298      0.01922161       0.00000000   0.000061967231
   299      0.01916004       0.00000000   0.000061569667
   300      0.01909887       0.00000000   0.000061175921
   301      0.01903808       0.00000000   0.000060785943
   302      0.01897768       0.00000000   0.000060399685
   303      0.01891766       0.00000000   0.000060017101
   304      0.01885802       0.00000000   0.000059638144
   305      0.01879876       0.00000000   0.000059262768
   306      0.01873987       0.00000000   0.000058890928
   307      0.01868135       0.00000000   0.000058522580
   308      0.01862319       0.00000000   0.000058157681
   309      0.01856539       0.00000000   0.000057796186
   310      0.01850796       0.00000000   0.000057438055
   311      0.01845087       0.00000000   0.000057083245
   312      0.01839414       0.00000000   0.000056731715
   313      0.01833776       0.00000000   0.000056383426
   314      0.01828172       0.00000000   0.000056038336
   315      0.01822602       0.00000000   0.000055696409
   316      0.01817067       0.00000000   0.000055357603
   317      0.01811564       0.00000000   0.000055021883
   318      0.01806095       0.00000000   0.000054689210
   319      0.01800659       0.00000000   0.000054359548
   320      0.01795256       0.00000000   0.000054032860
   321      0.01789885       0.00000000   0.000053709111
   322      0.01784546       0.00000000   0.000053388266
   323      0.01779239       0.00000000   0.000053070289
   324      0.01773964       0.00000000   0.000052755147
   325      0.01768720       0.00000000   0.000052442806
   326      0.01763506       0.00000000   0.000052133234
   327      0.01758324       0.00000000   0.000051826396
   328      0.01753171       0.00000000   0.000051522263
   329      0.01748049       0.00000000   0.000051220800
   330      0.01742957       0.00000000   0.000050921978
   331      0.01737895       0.00000000   0.000050625766
   332      0.01732861       0.00000000   0.000050332133
   333      0.01727857       0.00000000   0.000050041049
   334      0.01722882       0.00000000   0.000049752485
   335      0.01717935       0.00000000   0.000049466412
   336      0.01713017       0.00000000   0.000049182802
   337      0.01708127       0.00000000   0.000048901626
   338      0.01703265       0.00000000   0.000048622856
   339      0.01698430       0.00000000   0.000048346465
   340      0.01693623       0.00000000   0.000048072426
   341      0.01688843       0.00000000   0.000047800712
   342      0.01684090       0.00000000   0.000047531297
   343      0.01679363       0.00000000   0.000047264156
   344      0.01674663       0.00000000   0.000046999262
   345      0.01669990       0.00000000   0.000046736590
   346      0.01665342       0.00000000   0.000046476117
   347      0.01660720       0.00000000   0.000046217817
   348      0.01656124       0.00000000   0.000045961665
   349      0.01651553       0.00000000   0.000045707639
   350      0.01647008       0.00000000   0.000045455715
   351      0.01642487       0.00000000   0.000045205870
   352      0.01637991       0.00000000   0.000044958081
   353      0.01633520       0.00000000   0.000044712325
   354      0.01629073       0.00000000   0.000044468580
   355      0.01624650       0.00000000   0.000044226824
   356      0.01620252       0.00000000   0.000043987037
   357      0.01615877       0.00000000   0.000043749195
   358      0.01611526       0.00000000   0.000043513279
   359      0.01607198       0.00000000   0.000043279268
   360      0.01602893       0.00000000   0.000043047141
   361      0.01598611       0.00000000   0.000042816877
   362      0.01594352       0.00000000   0.000042588458
   363      0.01590116       0.00000000   0.000042361864
   364      0.01585902       0.00000000   0.000042137074
   365      0.01581711       0.00000000   0.000041914070
   366      0.01577542       0.00000000   0.000041692833
   367      0.01573394       0.00000000   0.000041473345
   368      0.01569269       0.00000000   0.000041255587
   369      0.01565165       0.00000000   0.000041039540
   370      0.01561082       0.00000000   0.000040825188
   371      0.01557021       0.00000000   0.000040612511
   372      0.01552981       0.00000000   0.000040401494
   373      0.01548962       0.00000000   0.000040192118
   374      0.01544963       0.00000000   0.000039984367
   375      0.01540986       0.00000000   0.000039778224
   376      0.01537028       0.00000000   0.000039573672
   377      0.01533091       0.00000000   0.000039370695
   378      0.01529174       0.00000000   0.000039169277
   379      0.01525277       0.00000000   0.000038969402
   380      0.01521400       0.00000000   0.000038771054
   381      0.01517543       0.00000000   0.000038574217
   382      0.01513705       0.00000000   0.000038378877
   383      0.01509886       0.00000000   0.000038185018
   384      0.01506087       0.00000000   0.000037992625
   385      0.01502307       0.00000000   0.000037801684
   386      0.01498546       0.00000000   0.000037612180
   387      0.01494803       0.00000000   0.000037424098
   388      0.01491080       0.00000000   0.000037237424
   389      0.01487374       0.00000000   0.000037052145
   390      0.01483687       0.00000000   0.000036868246
   391      0.01480019       0.00000000   0.000036685714
   392      0.01476368       0.00000000   0.000036504535
   393      0.01472736       0.00000000   0.000036324696
   394      0.01469121       0.00000000   0.000036146183
   395      0.01465524       0.00000000   0.000035968984
   396      0.01461945       0.00000000   0.000035793086
   397      0.01458383       0.00000000   0.000035618476
   398      0.01454839       0.00000000   0.000035445142
   399      0.01451311       0.00000000   0.000035273071
   400      0.01447801       0.00000000   0.000035102250
   401      0.01444308       0.00000000   0.000034932669
   402      0.01440832       0.00000000   0.000034764314
   403      0.01437372       0.00000000   0.000034597174
   404      0.01433929       0.00000000   0.000034431237
   405      0.01430502       0.00000000   0.000034266493
   406      0.01427092       0.00000000   0.000034102928
   407      0.01423698       0.00000000   0.000033940533
   408      0.01420320       0.00000000   0.000033779296
   409      0.01416958       0.00000000   0.000033619206
   410      0.01413612       0.00000000   0.000033460252
   411      0.01410282       0.00000000   0.000033302424
   412      0.01406967       0.00000000   0.000033145710
   413      0.01403668       0.00000000   0.000032990101
   414      0.01400384       0.00000000   0.000032835586
   415      0.01397116       0.00000000   0.000032682155
   416      0.01393863       0.00000000   0.000032529797
   417      0.01390625       0.00000000   0.000032378503
   418      0.01387403       0.00000000   0.000032228263
   419      0.01384195       0.00000000   0.000032079066
   420      0.01381002       0.00000000   0.000031930904
   421      0.01377823       0.00000000   0.000031783767
   422      0.01374659       0.00000000   0.000031637645
   423      0.01371510       0.00000000   0.000031492530
   424      0.01368375       0.00000000   0.000031348411
   425      0.01365255       0.00000000   0.000031205280
   426      0.01362149       0.00000000   0.000031063127
   427      0.01359056       0.00000000   0.000030921945
   428      0.01355978       0.00000000   0.000030781723
   429      0.01352914       0.00000000   0.000030642454
   430      0.01349864       0.00000000   0.000030504128
   431      0.01346827       0.00000000   0.000030366737
   432      0.01343804       0.00000000   0.000030230273
   433      0.01340794       0.00000000   0.000030094728
   434      0.01337798       0.00000000   0.000029960093
   435      0.01334816       0.00000000   0.000029826360
   436      0.01331846       0.00000000   0.000029693521
   437      0.01328890       0.00000000   0.000029561568
   438      0.01325947       0.00000000   0.000029430493
   439      0.01323017       0.00000000   0.000029300289
   440      0.01320100       0.00000000   0.000029170947
   441      0.01317196       0.00000000   0.000029042461
   442      0.01314304       0.00000000   0.000028914822
   443      0.01311425       0.00000000   0.000028788023
   444      0.01308559       0.00000000   0.000028662057
   445      0.01305706       0.00000000   0.000028536916
   446      0.01302864       0.00000000   0.000028412594
   447      0.01300035       0.00000000   0.000028289083
   448      0.01297219       0.00000000   0.000028166377
   449      0.01294414       0.00000000   0.000028044467
   450      0.01291622       0.00000000   0.000027923348
   451      0.01288842       0.00000000   0.000027803012
   452      0.01286073       0.00000000   0.000027683452
   453      0.01283317       0.00000000   0.000027564663
   454      0.01280572       0.00000000   0.000027446638
   455      0.01277839       0.00000000   0.000027329369
   456      0.01275118       0.00000000   0.000027212851
   457      0.01272408       0.00000000   0.000027097076
   458      0.01269710       0.00000000   0.000026982040
   459      0.01267023       0.00000000   0.000026867735
   460      0.01264348       0.00000000   0.000026754155
   461      0.01261684       0.00000000   0.000026641294
   462      0.01259031       0.00000000   0.000026529147
   463      0.01256389       0.00000000   0.000026417706
   464      0.01253758       0.00000000   0.000026306967
   465      0.01251139       0.00000000   0.000026196923
   466      0.01248530       0.00000000   0.000026087568
   467      0.01245932       0.00000000   0.000025978898
   468      0.01243345       0.00000000   0.000025870905
   469      0.01240769       0.00000000   0.000025763585
   470      0.01238203       0.00000000   0.000025656931
   471      0.01235648       0.00000000   0.000025550939
   472      0.01233103       0.00000000   0.000025445603
   473      0.01230569       0.00000000   0.000025340917
   474      0.01228045       0.00000000   0.000025236876
   475      0.01225532       0.00000000   0.000025133475
   476      0.01223029       0.00000000   0.000025030709
   477      0.01220536       0.00000000   0.000024928572
   478      0.01218053       0.00000000   0.000024827059
   479      0.01215581       0.00000000   0.000024726165
   480      0.01213118       0.00000000   0.000024625886
   481      0.01210666       0.00000000   0.000024526216
   482      0.01208223       0.00000000   0.000024427150
   483      0.01205790       0.00000000   0.000024328683
   484      0.01203367       0.00000000   0.000024230811
   485      0.01200954       0.00000000   0.000024133529
   486      0.01198550       0.00000000   0.000024036832
   487      0.01196156       0.00000000   0.000023940715
   488      0.01193771       0.00000000   0.000023845174
   489      0.01191396       0.00000000   0.000023750204
   490      0.01189031       0.00000000   0.000023655801
   491      0.01186675       0.00000000   0.000023561959
   492      0.01184328       0.00000000   0.000023468676
   493      0.01181990       0.00000000   0.000023375945
   494      0.01179662       0.00000000   0.000023283764
   495      0.01177343       0.00000000   0.000023192126
   496      0.01175032       0.00000000   0.000023101030
   497      0.01172731       0.00000000   0.000023010469
   498      0.01170439       0.00000000   0.000022920440
   499      0.01168156       0.00000000   0.000022830938
   500      0.01165882       0.00000000   0.000022741960
   501      0.01163617       0.00000000   0.000022653502
   502      0.01161360       0.00000000   0.000022565559
   503      0.01159112       0.00000000   0.000022478127
   504      0.01156873       0.00000000   0.000022391203
   505      0.01154643       0.00000000   0.000022304782
   506      0.01152421       0.00000000   0.000022218862
   507      0.01150207       0.00000000   0.000022133436
   508      0.01148003       0.00000000   0.000022048503
   509      0.01145806       0.00000000   0.000021964058
   510      0.01143618       0.00000000   0.000021880098
   511      0.01141439       0.00000000   0.000021796618
   512      0.01139267       0.00000000   0.000021713616
   513      0.01137104       0.00000000   0.000021631087
   514      0.01134949       0.00000000   0.000021549027
   515      0.01132802       0.00000000   0.000021467435
   516      0.01130664       0.00000000   0.000021386305
   517      0.01128533       0.00000000   0.000021305634
   518      0.01126411       0.00000000   0.000021225419
   519      0.01124296       0.00000000   0.000021145657
   520      0.01122190       0.00000000   0.000021066343
   521      0.01120091       0.00000000   0.000020987475
   522      0.01118000       0.00000000   0.000020909050
   523      0.01115917       0.00000000   0.000020831063
   524      0.01113841       0.00000000   0.000020753513
   525      0.01111774       0.00000000   0.000020676395
   526      0.01109714       0.00000000   0.000020599706
   527      0.01107661       0.00000000   0.000020523443
   528      0.01105617       0.00000000   0.000020447603
   529      0.01103579       0.00000000   0.000020372183
   530      0.01101550       0.00000000   0.000020297180
   531      0.01099527       0.00000000   0.000020222590
   532      0.01097513       0.00000000   0.000020148411
   533      0.01095505       0.00000000   0.000020074640
   534      0.01093505       0.00000000   0.000020001274
   535      0.01091512       0.00000000   0.000019928309
   536      0.01089527       0.00000000   0.000019855742
   537      0.01087548       0.00000000   0.000019783572
   538      0.01085577       0.00000000   0.000019711795
   539      0.01083613       0.00000000   0.000019640407
   540      0.01081656       0.00000000   0.000019569408
   541      0.01079706       0.00000000   0.000019498792
   542      0.01077763       0.00000000   0.000019428559
   543      0.01075828       0.00000000   0.000019358704
   544      0.01073899       0.00000000   0.000019289226
   545      0.01071977       0.00000000   0.000019220121
   546      0.01070061       0.00000000   0.000019151387
   547      0.01068153       0.00000000   0.000019083021
   548      0.01066252       0.00000000   0.000019015021
   549      0.01064357       0.00000000   0.000018947384
   550      0.01062469       0.00000000   0.000018880108
   551      0.01060588       0.00000000   0.000018813189
   552      0.01058713       0.00000000   0.000018746626
   553      0.01056845       0.00000000   0.000018680415
   554      0.01054983       0.00000000   0.000018614555
   555      0.01053129       0.00000000   0.000018549043
   556      0.01051280       0.00000000   0.000018483876
   557      0.01049438       0.00000000   0.000018419052
   558      0.01047603       0.00000000   0.000018354568
   559      0.01045774       0.00000000   0.000018290423
   560      0.01043951       0.00000000   0.000018226614
   561      0.01042135       0.00000000   0.000018163139
   562      0.01040325       0.00000000   0.000018099994
   563      0.01038521       0.00000000   0.000018037178
   564      0.01036724       0.00000000   0.000017974689
   565      0.01034932       0.00000000   0.000017912525
   566      0.01033147       0.00000000   0.000017850682
   567      0.01031368       0.00000000   0.000017789159
   568      0.01029596       0.00000000   0.000017727954
   569      0.01027829       0.00000000   0.000017667065
   570      0.01026068       0.00000000   0.000017606489
   571      0.01024314       0.00000000   0.000017546224
   572      0.01022565       0.00000000   0.000017486268
   573      0.01020822       0.00000000   0.000017426619
   574      0.01019086       0.00000000   0.000017367275
   575      0.01017355       0.00000000   0.000017308233
   576      0.01015630       0.00000000   0.000017249493
   577      0.01013911       0.00000000   0.000017191051
   578      0.01012197       0.00000000   0.000017132906
   579      0.01010490       0.00000000   0.000017075055
   580      0.01008788       0.00000000   0.000017017497
   581      0.01007092       0.00000000   0.000016960230
   582      0.01005402       0.00000000   0.000016903251
   583      0.01003717       0.00000000   0.000016846559
   584      0.01002038       0.00000000   0.000016790152
   585      0.01000365       0.00000000   0.000016734029
   586      0.00998697       0.00000000   0.000016678186
   587      0.00997035       0.00000000   0.000016622622
   588      0.00995378       0.00000000   0.000016567336
   589      0.00993727       0.00000000   0.000016512325
   590      0.00992081       0.00000000   0.000016457588
   591      0.00990441       0.00000000   0.000016403123
   592      0.00988806       0.00000000   0.000016348928
   593      0.00987176       0.00000000   0.000016295001
   594      0.00985552       0.00000000   0.000016241340
   595      0.00983933       0.00000000   0.000016187945
   596      0.00982320       0.00000000   0.000016134812
   597      0.00980712       0.00000000   0.000016081941
   598      0.00979109       0.00000000   0.000016029329
   599      0.00977511       0.00000000   0.000015976975
   600      0.00975918       0.00000000   0.000015924878
   601      0.00974331       0.00000000   0.000015873035
   602      0.00972749       0.00000000   0.000015821445
   603      0.00971172       0.00000000   0.000015770106
   604      0.00969600       0.00000000   0.000015719016
   605      0.00968033       0.00000000   0.000015668175
   606      0.00966472       0.00000000   0.000015617580
   607      0.00964915       0.00000000   0.000015567230
   608      0.00963363       0.00000000   0.000015517123
   609      0.00961816       0.00000000   0.000015467257
   610      0.00960275       0.00000000   0.000015417632
   611      0.00958738       0.00000000   0.000015368245
   612      0.00957206       0.00000000   0.000015319096
   613      0.00955679       0.00000000   0.000015270182
   614      0.00954157       0.00000000   0.000015221502
   615      0.00952639       0.00000000   0.000015173054
   616      0.00951127       0.00000000   0.000015124838
   617      0.00949619       0.00000000   0.000015076851
   618      0.00948116       0.00000000   0.000015029092
   619      0.00946618       0.00000000   0.000014981560
   620      0.00945125       0.00000000   0.000014934253
   621      0.00943636       0.00000000   0.000014887170
   622      0.00942152       0.00000000   0.000014840309
   623      0.00940673       0.00000000   0.000014793670
   624      0.00939198       0.00000000   0.000014747250
   625      0.00937728       0.00000000   0.000014701048
   626      0.00936262       0.00000000   0.000014655063
   627      0.00934801       0.00000000   0.000014609294
   628      0.00933345       0.00000000   0.000014563739
   629      0.00931893       0.00000000   0.000014518396
   630      0.00930446       0.00000000   0.000014473265
   631      0.00929003       0.00000000   0.000014428345
   632      0.00927565       0.00000000   0.000014383633
   633      0.00926131       0.00000000   0.000014339129
   634      0.00924701       0.00000000   0.000014294831
   635      0.00923276       0.00000000   0.000014250739
   636      0.00921855       0.00000000   0.000014206850
   637      0.00920439       0.00000000   0.000014163164
   638      0.00919027       0.00000000   0.000014119679
   639      0.00917620       0.00000000   0.000014076394
   640      0.00916216       0.00000000   0.000014033307
   641      0.00914817       0.00000000   0.000013990419
   642      0.00913422       0.00000000   0.000013947727
   643      0.00912032       0.00000000   0.000013905230
   644      0.00910646       0.00000000   0.000013862927
   645      0.00909264       0.00000000   0.000013820817
   646      0.00907886       0.00000000   0.000013778899
   647      0.00906512       0.00000000   0.000013737171
   648      0.00905142       0.00000000   0.000013695632
   649      0.00903777       0.00000000   0.000013654282
   650      0.00902416       0.00000000   0.000013613119
   651      0.00901058       0.00000000   0.000013572141
   652      0.00899705       0.00000000   0.000013531349
   653      0.00898356       0.00000000   0.000013490740
   654      0.00897011       0.00000000   0.000013450314
   655      0.00895670       0.00000000   0.000013410069
   656      0.00894333       0.00000000   0.000013370005
   657      0.00893000       0.00000000   0.000013330120
   658      0.00891671       0.00000000   0.000013290414
   659      0.00890346       0.00000000   0.000013250885
   660      0.00889025       0.00000000   0.000013211531
   661      0.00887708       0.00000000   0.000013172353
   662      0.00886394       0.00000000   0.000013133350
   663      0.00885085       0.00000000   0.000013094519
   664      0.00883779       0.00000000   0.000013055860
   665      0.00882477       0.00000000   0.000013017372
   666      0.00881180       0.00000000   0.000012979054
   667      0.00879885       0.00000000   0.000012940906
   668      0.00878595       0.00000000   0.000012902925
   669      0.00877309       0.00000000   0.000012865111
   670      0.00876026       0.00000000   0.000012827464
   671      0.00874747       0.00000000   0.000012789981
   672      0.00873472       0.00000000   0.000012752663
   673      0.00872200       0.00000000   0.000012715508
   674      0.00870932       0.00000000   0.000012678515
   675      0.00869668       0.00000000   0.000012641683
   676      0.00868408       0.00000000   0.000012605011
   677      0.00867151       0.00000000   0.000012568499
   678      0.00865898       0.00000000   0.000012532146
   679      0.00864648       0.00000000   0.000012495950
   680      0.00863402       0.00000000   0.000012459911
   681      0.00862160       0.00000000   0.000012424027
   682      0.00860921       0.00000000   0.000012388299
   683      0.00859685       0.00000000   0.000012352724
   684      0.00858454       0.00000000   0.000012317302
   685      0.00857226       0.00000000   0.000012282033
   686      0.00856001       0.00000000   0.000012246915
   687      0.00854780       0.00000000   0.000012211947
   688      0.00853562       0.00000000   0.000012177129
   689      0.00852348       0.00000000   0.000012142460
   690      0.00851137       0.00000000   0.000012107939
   691      0.00849930       0.00000000   0.000012073564
   692      0.00848726       0.00000000   0.000012039336
   693      0.00847525       0.00000000   0.000012005254
   694      0.00846328       0.00000000   0.000011971316
   695      0.00845134       0.00000000   0.000011937522
   696      0.00843944       0.00000000   0.000011903870
   697      0.00842757       0.00000000   0.000011870361
   698      0.00841573       0.00000000   0.000011836994
   699      0.00840393       0.00000000   0.000011803766
   700      0.00839216       0.00000000   0.000011770679
   701      0.00838042       0.00000000   0.000011737730
   702      0.00836871       0.00000000   0.000011704920
   703      0.00835704       0.00000000   0.000011672247
   704      0.00834540       0.00000000   0.000011639711
   705      0.00833379       0.00000000   0.000011607311
   706      0.00832222       0.00000000   0.000011575046
   707      0.00831068       0.00000000   0.000011542915
   708      0.00829917       0.00000000   0.000011510918
   709      0.00828769       0.00000000   0.000011479054
   710      0.00827624       0.00000000   0.000011447323
   711      0.00826482       0.00000000   0.000011415722
   712      0.00825344       0.00000000   0.000011384252
   713      0.00824209       0.00000000   0.000011352913
   714      0.00823076       0.00000000   0.000011321702
   715      0.00821947       0.00000000   0.000011290620
   716      0.00820821       0.00000000   0.000011259666
   717      0.00819699       0.00000000   0.000011228840
   718      0.00818579       0.00000000   0.000011198139
   719      0.00817462       0.00000000   0.000011167565
   720      0.00816348       0.00000000   0.000011137115
   721      0.00815238       0.00000000   0.000011106790
   722      0.00814130       0.00000000   0.000011076589
   723      0.00813025       0.00000000   0.000011046511
   724      0.00811924       0.00000000   0.000011016555
   725      0.00810825       0.00000000   0.000010986721
   726      0.00809729       0.00000000   0.000010957008
   727      0.00808636       0.00000000   0.000010927416
   728      0.00807547       0.00000000   0.000010897943
   729      0.00806460       0.00000000   0.000010868589
   730      0.00805376       0.00000000   0.000010839354
   731      0.00804295       0.00000000   0.000010810237
   732      0.00803217       0.00000000   0.000010781237
   733      0.00802142       0.00000000   0.000010752353
   734      0.00801069       0.00000000   0.000010723586
   735      0.00800000       0.00000000   0.000010694933
   736      0.00798933       0.00000000   0.000010666396
   737      0.00797869       0.00000000   0.000010637973
   738      0.00796808       0.00000000   0.000010609663
   739      0.00795750       0.00000000   0.000010581466
   740      0.00794695       0.00000000   0.000010553381
   741      0.00793642       0.00000000   0.000010525408
   742      0.00792592       0.00000000   0.000010497546
   743      0.00791545       0.00000000   0.000010469795
   744      0.00790501       0.00000000   0.000010442154
   745      0.00789460       0.00000000   0.000010414622
   746      0.00788421       0.00000000   0.000010387199
   747      0.00787385       0.00000000   0.000010359884
   748      0.00786352       0.00000000   0.000010332676
   749      0.00785321       0.00000000   0.000010305576
   750      0.00784293       0.00000000   0.000010278582
   751      0.00783268       0.00000000   0.000010251695
   752      0.00782246       0.00000000   0.000010224912
   753      0.00781226       0.00000000   0.000010198235
   754      0.00780209       0.00000000   0.000010171662
   755      0.00779194       0.00000000   0.000010145192
   756      0.00778182       0.00000000   0.000010118826
   757      0.00777173       0.00000000   0.000010092562
   758      0.00776166       0.00000000   0.000010066401
   759      0.00775162       0.00000000   0.000010040341
   760      0.00774161       0.00000000   0.000010014383
   761      0.00773162       0.00000000   0.000009988525
   762      0.00772166       0.00000000   0.000009962767
   763      0.00771172       0.00000000   0.000009937109
   764      0.00770181       0.00000000   0.000009911549
   765      0.00769192       0.00000000   0.000009886088
   766      0.00768206       0.00000000   0.000009860726
   767      0.00767223       0.00000000   0.000009835460
   768      0.00766242       0.00000000   0.000009810292
   769      0.00765263       0.00000000   0.000009785220
   770      0.00764287       0.00000000   0.000009760244
   771      0.00763314       0.00000000   0.000009735364
   772      0.00762343       0.00000000   0.000009710579
   773      0.00761374       0.00000000   0.000009685889
   774      0.00760408       0.00000000   0.000009661292
   775      0.00759444       0.00000000   0.000009636789
   776      0.00758483       0.00000000   0.000009612379
   777      0.00757524       0.00000000   0.000009588062
   778      0.00756568       0.00000000   0.000009563837
   779      0.00755614       0.00000000   0.000009539704
   780      0.00754662       0.00000000   0.000009515662
   781      0.00753713       0.00000000   0.000009491711
   782      0.00752766       0.00000000   0.000009467851
   783      0.00751822       0.00000000   0.000009444080
   784      0.00750880       0.00000000   0.000009420398
   785      0.00749940       0.00000000   0.000009396806
   786      0.00749003       0.00000000   0.000009373302
   787      0.00748068       0.00000000   0.000009349886
   788      0.00747135       0.00000000   0.000009326558
   789      0.00746205       0.00000000   0.000009303318
   790      0.00745277       0.00000000   0.000009280163
   791      0.00744351       0.00000000   0.000009257096
   792      0.00743428       0.00000000   0.000009234114
   793      0.00742507       0.00000000   0.000009211218
   794      0.00741588       0.00000000   0.000009188407
   795      0.00740671       0.00000000   0.000009165680
   796      0.00739757       0.00000000   0.000009143038
   797      0.00738845       0.00000000   0.000009120480
   798      0.00737935       0.00000000   0.000009098005
   799      0.00737027       0.00000000   0.000009075613
   800      0.00736122       0.00000000   0.000009053303
   801      0.00735219       0.00000000   0.000009031076
   802      0.00734318       0.00000000   0.000009008931
   803      0.00733419       0.00000000   0.000008986867
   804      0.00732523       0.00000000   0.000008964884
   805      0.00731629       0.00000000   0.000008942981
   806      0.00730737       0.00000000   0.000008921159
   807      0.00729847       0.00000000   0.000008899416
   808      0.00728959       0.00000000   0.000008877753
   809      0.00728073       0.00000000   0.000008856169
   810      0.00727190       0.00000000   0.000008834664
   811      0.00726308       0.00000000   0.000008813237
   812      0.00725429       0.00000000   0.000008791888
   813      0.00724552       0.00000000   0.000008770616
   814      0.00723677       0.00000000   0.000008749422
   815      0.00722804       0.00000000   0.000008728304
   816      0.00721934       0.00000000   0.000008707263
   817      0.00721065       0.00000000   0.000008686297
   818      0.00720199       0.00000000   0.000008665408
   819      0.00719334       0.00000000   0.000008644593
   820      0.00718472       0.00000000   0.000008623854
   821      0.00717611       0.00000000   0.000008603189
   822      0.00716753       0.00000000   0.000008582598
   823      0.00715897       0.00000000   0.000008562081
   824      0.00715043       0.00000000   0.000008541638
   825      0.00714191       0.00000000   0.000008521268
   826      0.00713340       0.00000000   0.000008500970
   827      0.00712492       0.00000000   0.000008480746
   828      0.00711646       0.00000000   0.000008460593
   829      0.00710802       0.00000000   0.000008440512
   830      0.00709960       0.00000000   0.000008420502
   831      0.00709120       0.00000000   0.000008400564
   832      0.00708282       0.00000000   0.000008380696
   833      0.00707446       0.00000000   0.000008360899
   834      0.00706612       0.00000000   0.000008341172
   835      0.00705780       0.00000000   0.000008321514
   836      0.00704950       0.00000000   0.000008301926
   837      0.00704121       0.00000000   0.000008282407
   838      0.00703295       0.00000000   0.000008262957
   839      0.00702471       0.00000000   0.000008243576
   840      0.00701648       0.00000000   0.000008224262
   841      0.00700828       0.00000000   0.000008205017
   842      0.00700009       0.00000000   0.000008185838
   843      0.00699193       0.00000000   0.000008166727
   844      0.00698378       0.00000000   0.000008147683
   845      0.00697565       0.00000000   0.000008128706
   846      0.00696754       0.00000000   0.000008109794
   847      0.00695945       0.00000000   0.000008090949
   848      0.00695138       0.00000000   0.000008072169
   849      0.00694332       0.00000000   0.000008053455
   850      0.00693529       0.00000000   0.000008034806
   851      0.00692727       0.00000000   0.000008016221
   852      0.00691927       0.00000000   0.000007997701
   853      0.00691129       0.00000000   0.000007979245
   854      0.00690333       0.00000000   0.000007960852
   855      0.00689539       0.00000000   0.000007942524
   856      0.00688747       0.00000000   0.000007924258
   857      0.00687956       0.00000000   0.000007906056
   858      0.00687167       0.00000000   0.000007887916
   859      0.00686380       0.00000000   0.000007869839
   860      0.00685595       0.00000000   0.000007851823
   861      0.00684812       0.00000000   0.000007833870
   862      0.00684030       0.00000000   0.000007815978
   863      0.00683250       0.00000000   0.000007798147
   864      0.00682472       0.00000000   0.000007780377
   865      0.00681696       0.00000000   0.000007762668
   866      0.00680921       0.00000000   0.000007745019
   867      0.00680149       0.00000000   0.000007727431
   868      0.00679378       0.00000000   0.000007709902
   869      0.00678609       0.00000000   0.000007692433
   870      0.00677841       0.00000000   0.000007675023
   871      0.00677075       0.00000000   0.000007657673
   872      0.00676311       0.00000000   0.000007640381
   873      0.00675549       0.00000000   0.000007623147
   874      0.00674788       0.00000000   0.000007605972
   875      0.00674029       0.00000000   0.000007588855
   876      0.00673272       0.00000000   0.000007571796
   877      0.00672517       0.00000000   0.000007554794
   878      0.00671763       0.00000000   0.000007537849
   879      0.00671011       0.00000000   0.000007520961
   880      0.00670260       0.00000000   0.000007504130
   881      0.00669512       0.00000000   0.000007487356
   882      0.00668765       0.00000000   0.000007470638
   883      0.00668019       0.00000000   0.000007453975
   884      0.00667276       0.00000000   0.000007437368
   885      0.00666533       0.00000000   0.000007420817
   886      0.00665793       0.00000000   0.000007404321
   887      0.00665054       0.00000000   0.000007387880
   888      0.00664317       0.00000000   0.000007371494
   889      0.00663582       0.00000000   0.000007355162
   890      0.00662848       0.00000000   0.000007338884
   891      0.00662115       0.00000000   0.000007322661
   892      0.00661385       0.00000000   0.000007306491
   893      0.00660656       0.00000000   0.000007290374
   894      0.00659928       0.00000000   0.000007274311
   895      0.00659202       0.00000000   0.000007258301
   896      0.00658478       0.00000000   0.000007242344
   897      0.00657756       0.00000000   0.000007226439
   898      0.00657035       0.00000000   0.000007210587
   899      0.00656315       0.00000000   0.000007194787
   900      0.00655597       0.00000000   0.000007179039
   901      0.00654881       0.00000000   0.000007163342
   902      0.00654166       0.00000000   0.000007147697
   903      0.00653453       0.00000000   0.000007132103
   904      0.00652741       0.00000000   0.000007116560
   905      0.00652031       0.00000000   0.000007101068
   906      0.00651323       0.00000000   0.000007085626
   907      0.00650615       0.00000000   0.000007070235
   908      0.00649910       0.00000000   0.000007054894
   909      0.00649206       0.00000000   0.000007039603
   910      0.00648504       0.00000000   0.000007024361
   911      0.00647803       0.00000000   0.000007009169
   912      0.00647103       0.00000000   0.000006994026
   913      0.00646405       0.00000000   0.000006978932
   914      0.00645709       0.00000000   0.000006963887
   915      0.00645014       0.00000000   0.000006948891
   916      0.00644321       0.00000000   0.000006933943
   917      0.00643629       0.00000000   0.000006919043
   918      0.00642938       0.00000000   0.000006904191
   919      0.00642249       0.00000000   0.000006889387
   920      0.00641562       0.00000000   0.000006874630
   921      0.00640876       0.00000000   0.000006859921
   922      0.00640191       0.00000000   0.000006845259
   923      0.00639508       0.00000000   0.000006830645
   924      0.00638827       0.00000000   0.000006816076
   925      0.00638147       0.00000000   0.000006801555
   926      0.00637468       0.00000000   0.000006787080
   927      0.00636791       0.00000000   0.000006772651
   928      0.00636115       0.00000000   0.000006758267
   929      0.00635440       0.00000000   0.000006743930
   930      0.00634767       0.00000000   0.000006729638
   931      0.00634096       0.00000000   0.000006715392
   932      0.00633426       0.00000000   0.000006701191
   933      0.00632757       0.00000000   0.000006687035
   934      0.00632090       0.00000000   0.000006672924
   935      0.00631424       0.00000000   0.000006658857
   936      0.00630759       0.00000000   0.000006644835
   937      0.00630096       0.00000000   0.000006630857
   938      0.00629435       0.00000000   0.000006616923
   939      0.00628774       0.00000000   0.000006603033
   940      0.00628115       0.00000000   0.000006589187
   941      0.00627458       0.00000000   0.000006575384
   942      0.00626802       0.00000000   0.000006561625
   943      0.00626147       0.00000000   0.000006547909
   944      0.00625494       0.00000000   0.000006534235
   945      0.00624841       0.00000000   0.000006520605
   946      0.00624191       0.00000000   0.000006507017
   947      0.00623541       0.00000000   0.000006493472
   948      0.00622893       0.00000000   0.000006479969
   949      0.00622247       0.00000000   0.000006466508
   950      0.00621601       0.00000000   0.000006453089
   951      0.00620958       0.00000000   0.000006439711
   952      0.00620315       0.00000000   0.000006426375
   953      0.00619674       0.00000000   0.000006413081
   954      0.00619034       0.00000000   0.000006399828
   955      0.00618395       0.00000000   0.000006386616
   956      0.00617758       0.00000000   0.000006373444
   957      0.00617122       0.00000000   0.000006360314
   958      0.00616487       0.00000000   0.000006347224
   959      0.00615853       0.00000000   0.000006334174
   960      0.00615221       0.00000000   0.000006321165
   961      0.00614590       0.00000000   0.000006308196
   962      0.00613961       0.00000000   0.000006295266
   963      0.00613333       0.00000000   0.000006282376
   964      0.00612706       0.00000000   0.000006269526
   965      0.00612080       0.00000000   0.000006256715
   966      0.00611456       0.00000000   0.000006243944
   967      0.00610833       0.00000000   0.000006231212
   968      0.00610211       0.00000000   0.000006218518
   969      0.00609590       0.00000000   0.000006205863
   970      0.00608971       0.00000000   0.000006193247
   971      0.00608353       0.00000000   0.000006180669
   972      0.00607736       0.00000000   0.000006168130
   973      0.00607120       0.00000000   0.000006155629
   974      0.00606506       0.00000000   0.000006143165
   975      0.00605893       0.00000000   0.000006130740
   976      0.00605281       0.00000000   0.000006118352
   977      0.00604671       0.00000000   0.000006106002
   978      0.00604061       0.00000000   0.000006093689
   979      0.00603453       0.00000000   0.000006081413
   980      0.00602846       0.00000000   0.000006069174
   981      0.00602240       0.00000000   0.000006056973
   982      0.00601636       0.00000000   0.000006044808
   983      0.00601033       0.00000000   0.000006032679
   984      0.00600431       0.00000000   0.000006020587
   985      0.00599830       0.00000000   0.000006008532
   986      0.00599230       0.00000000   0.000005996513
   987      0.00598632       0.00000000   0.000005984529
   988      0.00598034       0.00000000   0.000005972582
   989      0.00597438       0.00000000   0.000005960670
   990      0.00596843       0.00000000   0.000005948794
   991      0.00596250       0.00000000   0.000005936954
   992      0.00595657       0.00000000   0.000005925148
   993      0.00595066       0.00000000   0.000005913378
   994      0.00594476       0.00000000   0.000005901643
   995      0.00593887       0.00000000   0.000005889943
   996      0.00593299       0.00000000   0.000005878278
   997      0.00592712       0.00000000   0.000005866647
   998      0.00592127       0.00000000   0.000005855051
   999      0.00591542       0.00000000   0.000005843489
